{
  "advancedEditorSelectedIdentifier" : "ProjectBrowser",
  "openSceneRelativePaths" : [
    "Scene.usda",
    "Untitled Scene.usda",
    "Scene 1.usda"
  ],
  "recentIdentifiers" : {
    "26DBAE76-5DD8-47B6-A085-1B4ADA111097" : [

    ]
  },
  "sceneCameraHistory" : {
    "3C4E1DF1-174E-46DE-97BA-295D8D89AF77" : [
      {
        "date" : 709593082.382799,
        "title" : "Untitled",
        "transform" : [
          1,
          0,
          -0,
          0,
          -0,
          0.8656468,
          -0.5006552,
          0,
          0,
          0.5006552,
          0.8656468,
          0,
          0.047273334,
          1.2386065,
          2.1381295,
          1
        ]
      }
    ],
    "03E02005-EFA6-48D6-8A76-05B2822A74E9" : [
      {
        "date" : 709593096.745496,
        "title" : "Untitled",
        "transform" : [
          0.7589895,
          2.6559007e-08,
          -0.65110284,
          0,
          -0.388941,
          0.80197537,
          -0.45338783,
          0,
          0.52216846,
          0.5973571,
          0.6086908,
          0,
          0.7613282,
          0.7425956,
          0.58363783,
          1
        ]
      },
      {
        "date" : 709593008.447278,
        "title" : "Untitled",
        "transform" : [
          0.9986945,
          2.3660226e-08,
          -0.05108139,
          0,
          -0.025762565,
          0.8635034,
          -0.50368464,
          0,
          0.044109024,
          0.50434303,
          0.8623761,
          0,
          0.24944814,
          0.6334565,
          1.0040969,
          1
        ]
      },
      {
        "date" : 709592943.246796,
        "title" : "Untitled",
        "transform" : [
          0.53930026,
          2.1936323e-08,
          -0.84211355,
          0,
          -0.8139395,
          0.25650224,
          -0.5212572,
          0,
          0.21600407,
          0.9665436,
          0.1383317,
          0,
          0.33677697,
          1.1652952,
          -0.019246696,
          1
        ]
      },
      {
        "date" : 709592941.537126,
        "title" : "Untitled",
        "transform" : [
          0.62797433,
          2.425234e-08,
          -0.77823406,
          0,
          -0.7303115,
          0.34549272,
          -0.58930457,
          0,
          0.2688743,
          0.9384214,
          0.21696053,
          0,
          0.42048466,
          1.1347485,
          0.085092336,
          1
        ]
      },
      {
        "date" : 709592884.874364,
        "title" : "Untitled",
        "transform" : [
          0.96947986,
          1.3456674e-08,
          -0.24517128,
          0,
          -0.19982128,
          0.5794221,
          -0.7901528,
          0,
          0.1420577,
          0.81502753,
          0.5617381,
          0,
          0.35479328,
          0.9952658,
          0.596045,
          1
        ]
      },
      {
        "date" : 709592875.69526,
        "title" : "Untitled",
        "transform" : [
          0.99342906,
          1.6798694e-08,
          -0.11444887,
          0,
          -0.080414064,
          0.7115649,
          -0.69800353,
          0,
          0.081437856,
          0.70262027,
          0.70688933,
          0,
          0.2911636,
          0.8653836,
          0.79877216,
          1
        ]
      },
      {
        "date" : 709592860.089899,
        "title" : "Untitled",
        "transform" : [
          0.66032666,
          -4.7156625e-09,
          -0.7509784,
          0,
          -0.1671266,
          0.97492236,
          -0.14695251,
          0,
          0.7321457,
          0.22254513,
          0.64376724,
          0,
          1.0007477,
          0.30019525,
          0.6165137,
          1
        ]
      },
      {
        "date" : 709592857.780661,
        "title" : "Untitled",
        "transform" : [
          0.99999994,
          0,
          0,
          0,
          0,
          0.8660254,
          -0.49999994,
          0,
          0,
          0.49999994,
          0.8660254,
          0,
          0.19783191,
          0.62834835,
          1.0186969,
          1
        ]
      }
    ],
    "26DBAE76-5DD8-47B6-A085-1B4ADA111097" : [
      {
        "date" : 709594290.581562,
        "title" : "Untitled",
        "transform" : [
          0.9995645,
          -5.07668e-07,
          0.029509513,
          0,
          0.011818867,
          0.91630054,
          -0.40031692,
          0,
          -0.02703962,
          0.4004915,
          0.9159014,
          0,
          0.59896445,
          1.645718,
          4.0826597,
          1
        ]
      },
      {
        "date" : 709594279.5925,
        "title" : "Untitled",
        "transform" : [
          0.89924943,
          -5.07059e-07,
          -0.43743628,
          0,
          -0.36592597,
          0.54792905,
          -0.75224465,
          0,
          0.2396841,
          0.83652484,
          0.4927246,
          0,
          1.740728,
          3.6004593,
          1.9343774,
          1
        ]
      },
      {
        "date" : 709594250.416026,
        "title" : "Untitled",
        "transform" : [
          0.92464805,
          -4.7736154e-07,
          -0.3808226,
          0,
          0.067800455,
          0.984024,
          0.16461997,
          0,
          0.37473837,
          -0.17803526,
          0.9098761,
          0,
          2.2990844,
          -0.89759034,
          3.693752,
          1
        ]
      },
      {
        "date" : 709594153.860493,
        "title" : "Untitled",
        "transform" : [
          0.9049302,
          -4.8759824e-07,
          -0.42556006,
          0,
          -0.11472169,
          0.9629781,
          -0.24395072,
          0,
          0.40980497,
          0.26957953,
          0.87142795,
          0,
          2.4823594,
          1.1471806,
          3.5704935,
          1
        ]
      },
      {
        "date" : 709594152.635773,
        "title" : "Untitled",
        "transform" : [
          0.9049302,
          -4.8759824e-07,
          -0.42556006,
          0,
          -0.11472169,
          0.9629781,
          -0.24395072,
          0,
          0.40980497,
          0.26957953,
          0.87142795,
          0,
          2.8728185,
          1.212369,
          3.3667066,
          1
        ]
      },
      {
        "date" : 709594147.285008,
        "title" : "Untitled",
        "transform" : [
          0.99958754,
          -4.8924295e-07,
          0.028718615,
          0,
          0.008023043,
          0.96019006,
          -0.27923244,
          0,
          -0.02757535,
          0.27934784,
          0.95979387,
          0,
          1.1669567,
          1.2506022,
          3.74161,
          1
        ]
      },
      {
        "date" : 709594143.335193,
        "title" : "Untitled",
        "transform" : [
          0.9722905,
          -4.892522e-07,
          -0.23377591,
          0,
          -0.06752639,
          0.9573733,
          -0.28084946,
          0,
          0.2238108,
          0.28885344,
          0.930845,
          0,
          2.147843,
          1.2877768,
          3.6069,
          1
        ]
      },
      {
        "date" : 709593696.797701,
        "title" : "Untitled",
        "transform" : [
          0.9679527,
          -4.7561977e-07,
          0.2511326,
          0,
          0.057901897,
          0.9730579,
          -0.22317162,
          0,
          -0.2443666,
          0.23056068,
          0.941874,
          0,
          0.25209415,
          0.939909,
          3.7156723,
          1
        ]
      },
      {
        "date" : 709593453.773086,
        "title" : "Untitled",
        "transform" : [
          0.9679526,
          -4.7561971e-07,
          0.25113258,
          0,
          0.057901897,
          0.9730579,
          -0.22317162,
          0,
          -0.24436663,
          0.2305607,
          0.94187415,
          0,
          0.084030986,
          0.6105339,
          3.752696,
          1
        ]
      },
      {
        "date" : 709593445.181636,
        "title" : "Untitled",
        "transform" : [
          -0.46004212,
          -4.7495305e-07,
          0.88789713,
          0,
          0.28672373,
          0.94642466,
          0.14855957,
          0,
          -0.8403276,
          0.3229249,
          -0.43539515,
          0,
          -2.1441789,
          0.9826459,
          -1.873012,
          1
        ]
      }
    ]
  },
  "selectedSceneRelativePath" : "Untitled Scene.usda"
}